00002
00003
00004
00005
00006
00007
00009
00010
00011
00012
00013
00014
00015
00016
00017
00018
00019
00020
00021
00022
00023
00024
00025
00026
00027
00030
00031
00032
00033
00034
00035
00036
00037
00038
00039
00042
00043
00044
00045
00046
00047
00048
00049
00050
00054
00055
00056
00057
00058
00060
00061
00064
00066
00067
00069
00070
00072
00073
00076
00077
00078
00080
00081
00082
00084
00085
00087
00089
00090
00091
00092
00093
00094
00095
00096
00098
00101
00102
00103
00104
00105
00108
00109
00110
00111
00112
00114
00117
00124
00125
00128
00129
00131
00134
00135
00139
00140
00141
00143
00144
00147
00148
00149
00150
00151
00152
00154
00156
00157
00158
00160
00161
00162
00163
00166
00168
00170
00171
00172
00173
00174
00176
00177
00178
00180
00181
00183
00184
00185
00186
00187
00188
00189
00190
00192
00193
00194
00195
00196
00197
00198
00199
00200
00201
00202
00203
00204
00205
00206
00208
00209
00210
00211
00213
00214
00215
00216
00217
00221
00222
00223
00224
00226
00227
00228
00230
00233
00234
00235
00236
00237
00238
00239
00240
00242
00243
00244
00245
00247
00250
00251
00252
00253
00254
00255
00256
00257
00259
00260
00261
00262
00266
00267
00268
00269
00270
00272
00273
00274
00275
00276
00278
00279
00280
00281
00282
00283
00284
00287
00288
00290
00291
00292
00293
00296
00297
00298
00299
00300
00302
00303
00304
00306
00307
00309
00311
00312
00313
00314
00315
00317
00318
00319
00320
00321
00322
00323
00326
00331
00332
00334
00336
00337
00338
00340
00341
00342
00343
00344
00345
00346
00347
00348
00349
00350
00351
00353
00354
00355
00356
00358
00359
00360
00361
00363
00364
00366
00368
00370
00371
00372
00375
00376
00377
00378
00379
00380
00381
00382
00384
00385
00386
00387
00388
00389
00390
00391
00392
00393
00394
00397
00398
00400
00401
00402
00403
00404
00405
00406
00407
00408
00409
00410
00412
00413
00414
00415
00416
00417
00418
00419
00420
00421
00422
00423
00424
00425
00426
00427
00428
00429
00430
00431
00432
00434
00436
00437
00438
00439
00440
00441
00442
00443
00444
00445
00446
00447
00448
00449
00451
00452
00453
00454
00455
00456
00457
00459
00460
00461
00462
00463
00465
00466
00468
00469
00470
00471
00472
00474
00475
00476
00477
00478
00479
00480
00481
00483
00484
00485
00486
00487
00488
00489
00490
01001
01002
01003
01004
01005
01008
01010
01011
01012
01013
01015
01016
01017
01018
01019
01020
01021
01022
01023
01024
01025
01026
01027
01028
01029
01030
01031
01032
01034
01035
01036
01037
01038
01039
01040
01041
01042
01043
01044
01045
01047
01048
01050
01051
01052
01053
01054
01055
01057
01059
01061
01062
01063
01064
01065
01066
01067
01068
01069
01070
01071
01072
01073
01074
01075
01076
01077
01078
01079
01082
01083
01086
01087
01088
01089
01091
01092
01093
01094
01095
01097
01098
01099
01102
01103
01104
01105
01106
01107
01109
01110
01111
01113
01114
01115
01117
01118
01119
01120
01121
01122
01123
01124
01125
01126
01127
01128
01129
01130
01131
01132
01133
01134
01135
01136
01137
01138
01139
01140
01142
01143
01144
01145
01146
01147
01148
01149
01151
01152
01153
01154
01155
01156
01157
01158
01159
01160
01161
01164
01165
01166
01167
01169
01170
01172
01173
01174
01175
01176
01177
01179
01180
01181
01184
01185
01186
01187
01189
01191
01192
01193
01194
01195
01198
01199
01200
01201
01203
01204
01207
01208
01210
01211
01214
01215
01216
01220
01221
01222
01223
01224
01225
01226
01227
01228
01229
01230
01231
01232
01233
01235
01236
01237
01238
01239
01240
01242
01243
01244
01246
01247
01248
01250
01251
01252
01253
01254
01259
01260
01262
01263
01264
01265
01267
01268
01269
01270
01271
01273
01274
01275
01276
01277
01278
01279
01281
01283
01284
01286
01287
01288
01290
01291
01292
01293
01294
01295
01297
01299
01300
01301
01302
01303
01304
01305
01306
01308
01309
01311
01312
01313
01314
01315
01316
01317
01318
01319
01321
01322
01323
01325
01326
01329
01330
01331
01332
01333
01334
01335
01337
01339
01340
01341
01343
01345
01348
01349
01350
01352
01353
01355
01356
01358
01359
01360
01361
01362
01363
01365
01366
01367
01368
01369
01370
01372
01373
01374
01375
01376
01377
01378
01379
01380
01381
01382
01383
01384
01385
01386
01387
01388
01390
01392
01393
01394
01395
01397
01398
01399
01400
01401
01403
01405
01406
01407
01408
01410
01411
01412
01413
01414
01416
01417
01418
01419
01421
01422
01423
01424
01427
01428
01429
01430
01431
01433
01434
01435
01436
01438
01439
01440
01441
01442
01443
01444
01446
01447
01448
01449
01450
01451
01452
01454
01455
01456
01457
01458
01459
01460
01461
01463
01464
01465
01467
01468
01473
01474
01475
01476
01477
01478
01479
01481
01484
01486
01487
01488
01489
01490
01491
01492
01494
01495
01496
01497
01498
01499
01500
01501
01502
01503
01504
01505
01507
01508
01509
01511
01513
01514
01515
01516
01517
01520
01521
01522
01523
01524
01525
01526
01527
01528
01530
01532
01533
01534
01535
01536
01537
01538
01540
01542
01543
01544
01545
01546
01547
01548
01549
01550
01551
01552
01553
01554
01555
01556
01557
01558
01559
01561
01562
01563
01565
01566
01567
01568
01569
01570
01571
01573
01574
01575
01576
01577
01578
01579
01581
01582
01583
01584
01585
01586
01587
01588
01589
01590
01591
01592
01594
01596
01597
01598
01599
01600
01601
01602
01603
01604
01605
01606
01608
01609
01610
01611
01613
01614
01615
01616
01617
01620
01621
01622
01623
01624
01625
01628
01629
01630
01631
01633
01634
01637
01638
01639
01641
01642
01643
01644
01646
01647
01648
01649
01650
01651
01653
01654
01655
01656
01657
01658
01659
01660
01661
01662
01663
01664
02050
02066
02076
02139
02179
02210
02315
02349
02456
02522
02532
02564
02655
02768
02771
02798
02835
02836
02864
02911
02954
03059
03212
03229
03241
03285
03399
03400
03402
03405
03408
03413
03415
03421
03429
03453
03461
03464
03493
03494
03502
03558
03670
03678
03720
03913
03914
03945
03992
04010
04021
04051
04080
04086
04111
04143
04191
04198
04207
04239
04245
04246
04283
04285
04286
04291
04298
04307
04319
04340
04342
04349
04359
04374
04375
04387
04389
04390
